EMU8086 GENERATED LISTING. MACHINE CODE <- SOURCE.
 
mem.com -- emu8086 assembler version: 4.08  
 
[ 01.06.2020  --  23:54:05 ] 
 
===================================================================================================
[LINE]     LOC: MACHINE CODE                          SOURCE
===================================================================================================
 
[   1]        :                                       org 100h
[   2]        :                                       
[   3]    0100: 10 27                                 counter dw 10000
[   4]    0102: 61 3A 5C 6D 79 66 69 6C 65 2E 74 78   filename db 'a:\myfile.txt'
                74                                  
[   5]    010F: 80                                    setbit db 80h
[   6]    0110: 01 00 01 00 01 00 01 00 01 00 01 00   rawdata dw 300 dup (1) ; Резервируются 300 слов, заполненных числом 1
                01 00 01 00 01 00 01 00 01 00 01 00 
                01 00 01 00 01 00 01 00 01 00 01 00 
                01 00 01 00 01 00 01 00 01 00 01 00 
                01 00 01 00 01 00 01 00 01 00 01 00 
                01 00 01 00 01 00 01 00 01 00 01 00 
                01 00 01 00 01 00 01 00 01 00 01 00 
                01 00 01 00 01 00 01 00 01 00 01 00 
                01 00 01 00 01 00 01 00 01 00 01 00 
                01 00 01 00 01 00 01 00 01 00 01 00 
                01 00 01 00 01 00 01 00 01 00 01 00 
                01 00 01 00 01 00 01 00 01 00 01 00 
                01 00 01 00 01 00 01 00 01 00 01 00 
                01 00 01 00 01 00 01 00 01 00 01 00 
                01 00 01 00 01 00 01 00 01 00 01 00 
                01 00 01 00 01 00 01 00 01 00 01 00 
                01 00 01 00 01 00 01 00 01 00 01 00 
                01 00 01 00 01 00 01 00 01 00 01 00 
                01 00 01 00 01 00 01 00 01 00 01 00 
                01 00 01 00 01 00 01 00 01 00 01 00 
                01 00 01 00 01 00 01 00 01 00 01 00 
                01 00 01 00 01 00 01 00 01 00 01 00 
                01 00 01 00 01 00 01 00 01 00 01 00 
                01 00 01 00 01 00 01 00 01 00 01 00 
                01 00 01 00 01 00 01 00 01 00 01 00 
                01 00 01 00 01 00 01 00 01 00 01 00 
                01 00 01 00 01 00 01 00 01 00 01 00 
                01 00 01 00 01 00 01 00 01 00 01 00 
                01 00 01 00 01 00 01 00 01 00 01 00 
                01 00 01 00 01 00 01 00 01 00 01 00 
                01 00 01 00 01 00 01 00 01 00 01 00 
                01 00 01 00 01 00 01 00 01 00 01 00 
                01 00 01 00 01 00 01 00 01 00 01 00 
                01 00 01 00 01 00 01 00 01 00 01 00 
                01 00 01 00 01 00 01 00 01 00 01 00 
                01 00 01 00 01 00 01 00 01 00 01 00 
                01 00 01 00 01 00 01 00 01 00 01 00 
                01 00 01 00 01 00 01 00 01 00 01 00 
                01 00 01 00 01 00 01 00 01 00 01 00 
                01 00 01 00 01 00 01 00 01 00 01 00 
                01 00 01 00 01 00 01 00 01 00 01 00 
                01 00 01 00 01 00 01 00 01 00 01 00 
                01 00 01 00 01 00 01 00 01 00 01 00 
                01 00 01 00 01 00 01 00 01 00 01 00 
                01 00 01 00 01 00 01 00 01 00 01 00 
                01 00 01 00 01 00 01 00 01 00 01 00 
                01 00 01 00 01 00 01 00 01 00 01 00 
                01 00 01 00 01 00 01 00 01 00 01 00 
                01 00 01 00 01 00 01 00 01 00 01 00 
                01 00 01 00 01 00 01 00 01 00 01 00 
                                                    
[   7]    0368: 2A 2A 2A 2A 2A 2A 2A 2A 2A 2A 2A 2A   string db 80 dup ('*') ; Резервируются 80 байтов, заполненных знаком '*'
                2A 2A 2A 2A 2A 2A 2A 2A 2A 2A 2A 2A 
                2A 2A 2A 2A 2A 2A 2A 2A 2A 2A 2A 2A 
                2A 2A 2A 2A 2A 2A 2A 2A 2A 2A 2A 2A 
                2A 2A 2A 2A 2A 2A 2A 2A 2A 2A 2A 2A 
                2A 2A 2A 2A 2A 2A 2A 2A 2A 2A 2A 2A 
                2A 2A 2A 2A 2A 2A 2A 2A             
[   8]    03B8: D1 F2 F0 E0 ED E8 F6 E0 20 31         pages db 'Страница 1'
[   9]    03C2: 00 01 02 03 04                        numbers db 0, 1, 2, 3, 4
[  10]    03C7: B8 03                                 page_addr dw pages
[  11]        :                                       
[  12]    03C9: C3                                    ret
[  13]        :                                       
[  14]        :                                       
[  15]        :                                       
[  16]        :                                       
[  17]        :                                       
[  18]        :                                       
 
===================================================================================================
 




===================================================================================================
